0
0.00746669
0.0148644
0.0221937
0.0294552
0.0366494
0.0437768
0.0508381
0.0578338
0.0647645
0.0716306
0.0784327
0.0851713
0.0918471
0.0984604
0.105012
0.111502
0.117931
0.1243
0.130609
0.136858
0.143049
0.149182
0.155256
0.161273
0.167233
0.173137
0.178985
0.184777
0.190514
0.196196
0.201825
0.207399
0.212921
0.218389
0.223806
0.22917
0.234483
0.239744
0.244955
0.250116
0.255227
0.260289
0.265301
0.270265
0.275181
0.280049
0.28487
0.289644
0.294371
0.299052
0.303687
0.308276
0.312821
0.317321
0.321776
0.326188
0.330556
0.334881
0.339163
0.343402
0.347599
0.351755
0.355869
0.359942
0.363974
0.367965
0.371917
0.375829
0.379701
0.383535
0.387329
0.391085
0.394803
0.398483
0.402126
0.405731
0.4093
0.412831
0.416327
0.419787
0.423211
0.426599
0.429953
0.433272
0.436556
0.439806
0.443022
0.446204
0.449354
0.45247
0.455553
0.458603
0.461622
0.464608
0.467563
0.470486
0.473378
0.476239
0.479069
0.481869
0.484638
0.487378
0.490088
0.492769
0.49542
0.498042
0.500636
0.503201
0.505738
0.508247
0.510729
0.513182
0.515609
0.518008
0.52038
0.522726
0.525046
0.527339
0.529606
0.531847
0.534063
0.536254
0.538419
0.54056
0.542676
0.544767
0.546834
0.548877
0.550896
0.552891
0.554863
0.556811
0.558737
0.560639
0.562519
0.564376
0.566211
0.568024
0.569814
0.571583
0.573331
0.575056
0.576761
0.578444
0.580107
0.581749
0.58337
0.584971
0.586552
0.588112
0.589653
0.591174
0.592676
0.594158
0.59562
0.597064
0.598489
0.599895
0.601283
0.602652
0.604002
0.605335
0.606649
0.607946
0.609225
0.610487
0.611731
0.612958
0.614167
0.61536
0.616536
0.617695
0.618838
0.619964
0.621074
0.622168
0.623246
0.624308
0.625354
0.626385
0.6274
0.6284
0.629384
0.630354
0.631308
0.632248
0.633173
0.634083
0.634979
0.63586
0.636728
0.637581
0.63842
0.639245
0.640056
0.640854
0.641638
0.642409
0.643167
0.643911
0.644642
0.64536
0.646065
0.646758
0.647438
0.648105
0.64876
0.649402
0.650032
0.65065
0.651256
0.65185
0.652433
0.653003
0.653562
0.654109
0.654645
0.655169
0.655682
0.656184
0.656675
0.657155
0.657624
0.658082
0.658529
0.658966
0.659392
0.659808
0.660213
0.660608
0.660993
0.661368
0.661733
0.662087
0.662432
0.662768
0.663093
0.663409
0.663715
0.664012
0.664299
0.664577
0.664846
0.665106
0.665357
0.665599
0.665831
0.666055
0.66627
0.666477
0.666675
0.666864
0.667045
0.667217
0.667381
0.667537
0.667684
0.667824
0.667955
0.668078
0.668193
0.668301
0.668401
0.668493
0.668577
0.668653
0.668722
0.668784
0.668838
0.668885
0.668924
0.668957
0.668982
0.669
0.669011
0.669014
0.669011
0.669001
0.668985
0.668961
0.668931
0.668894
0.66885
0.6688
0.668743
0.66868
0.668611
0.668535
0.668453
0.668365
0.66827
0.66817
0.668063
0.66795
0.667831
0.667707
0.667576
0.66744
0.667298
0.66715
0.666996
0.666837
0.666672
0.666502
0.666326
0.666145
0.665958
0.665766
0.665569
0.665366
0.665158
0.664945
0.664727
0.664504
0.664275
0.664042
0.663804
0.66356
0.663312
0.663059
0.662801
0.662539
0.662271
0.661999
0.661723
0.661441
0.661155
0.660865
0.66057
0.660271
0.659967
0.659659
0.659346
0.659029
0.658708
0.658383
0.658053
0.657719
0.657381
0.657039
0.656693
0.656343
0.655989
0.655631
0.655269
0.654903
0.654533
0.654159
0.653782
0.6534
0.653015
0.652627
0.652234
0.651838
0.651438
0.651035
0.650628
0.650218
0.649804
0.649387
0.648966
0.648542
0.648114
0.647683
0.647249
0.646811
0.64637
0.645926
0.645479
0.645028
0.644575
0.644118
0.643658
0.643195
0.642728
0.642259
0.641787
0.641312
0.640834
0.640353
0.639869
0.639382
0.638892
0.638399
0.637904
0.637406
0.636905
0.636401
0.635894
0.635385
0.634873
0.634359
0.633842
0.633322
0.632799
0.632275
0.631747
0.631217
0.630684
0.630149
0.629612
0.629072
0.62853
0.627985
0.627438
0.626888
0.626336
0.625782
0.625225
0.624667
0.624106
0.623542
0.622977
0.622409
0.621839
0.621267
0.620693
0.620116
0.619538
0.618957
0.618374
0.617789
0.617202
0.616613
0.616022
0.61543
0.614835
0.614238
0.613639
0.613038
0.612435
0.611831
0.611224
0.610616
0.610006
0.609393
0.60878
0.608164
0.607546
0.606927
0.606306
0.605683
0.605059
0.604432
0.603804
0.603175
0.602543
0.60191
0.601275
0.600639
0.600001
0.599362
0.59872
0.598078
0.597433
0.596787
0.59614
0.595491
0.594841
0.594189
0.593535
0.59288
0.592224
0.591566
0.590906
0.590246
0.589583
0.58892
0.588255
0.587588
0.586921
0.586252
0.585581
0.584909
0.584236
0.583562
0.582886
0.582209
0.58153
0.580851
0.58017
0.579488
0.578804
0.578119
0.577434
0.576747
0.576058
0.575369
0.574678
0.573986
0.573293
0.572599
0.571904
0.571207
0.57051
0.569811
0.569111
0.56841
0.567708
0.567005
0.566301
0.565596
0.56489
0.564182
0.563474
0.562765
0.562054
0.561343
0.560631
0.559917
0.559203
0.558487
0.557771
0.557054
0.556336
0.555617
0.554896
0.554175
0.553453
0.552731
0.552007
0.551282
0.550557
0.54983
0.549103
0.548375
0.547645
0.546916
0.546185
0.545453
0.544721
0.543987
0.543253
0.542519
0.541783
0.541046
0.540309
0.539571
0.538832
0.538092
0.537352
0.536611
0.535869
0.535126
0.534383
0.533639
0.532894
0.532148
0.531402
0.530655
0.529907
0.529159
0.52841
0.52766
0.526909
0.526158
0.525406
0.524654
0.523901
0.523147
0.522392
0.521637
0.520881
0.520125
0.519368
0.51861
0.517852
0.517093
0.516334
0.515574
0.514813
0.514052
0.51329
0.512528
0.511765
0.511001
0.510237
0.509472
0.508707
0.507941
0.507175
0.506408
0.50564
0.504872
0.504104
0.503335
0.502565
0.501795
0.501024
0.500253
0.499482
0.498709
0.497937
0.497164
0.49639
0.495616
0.494841
0.494066
0.493291
0.492515
0.491738
0.490962
0.490184
0.489406
0.488628
0.487849
0.48707
0.486291
0.485511
0.48473
0.483949
0.483168
0.482386
0.481604
0.480821
0.480039
0.479255
0.478471
0.477687
0.476903
0.476118
0.475332
0.474546
0.47376
0.472974
0.472187
0.4714
0.470612
0.469824
0.469036
0.468247
0.467458
0.466668
0.465879
0.465088
0.464298
0.463507
0.462716
0.461924
0.461132
0.46034
0.459548
0.458755
0.457962
0.457168
0.456374
0.45558
0.454786
0.453991
0.453196
0.452401
0.451605
0.450809
0.450013
0.449216
0.448419
0.447622
0.446825
0.446027
0.445229
0.444431
0.443632
0.442833
0.442034
0.441235
0.440435
0.439635
0.438835
0.438034
0.437234
0.436433
0.435631
0.43483
0.434028
0.433226
0.432424
0.431621
0.430819
0.430016
0.429212
0.428409
0.427605
0.426801
0.425997
0.425193
0.424388
0.423583
0.422778
0.421973
0.421167
0.420362
0.419556
0.41875
0.417943
0.417137
0.41633
0.415523
0.414716
0.413908
0.4131
0.412293
0.411485
0.410676
0.409868
0.409059
0.40825
0.407441
0.406632
0.405823
0.405013
0.404204
0.403394
0.402583
0.401773
0.400963
0.400152
0.399341
0.39853
0.397719
0.396908
0.396096
0.395284
0.394472
0.39366
0.392848
0.392036
0.391223
0.390411
0.389598
0.388785
0.387972
0.387158
0.386345
0.385531
0.384717
0.383903
0.383089
0.382275
0.381461
0.380646
0.379832
0.379017
0.378202
0.377387
0.376571
0.375756
0.374941
0.374125
0.373309
0.372493
0.371677
0.370861
0.370045
0.369228
0.368412
0.367595
0.366778
0.365961
0.365144
0.364327
0.36351
0.362692
0.361875
0.361057
0.360239
0.359421
0.358603
0.357785
0.356967
0.356148
0.35533
0.354511
0.353693
0.352874
0.352055
0.351236
0.350417
0.349597
0.348778
0.347959
0.347139
0.346319
0.3455
0.34468
0.34386
0.34304
0.34222
0.341399
0.340579
0.339759
0.338938
0.338117
0.337297
0.336476
0.335655
0.334834
0.334013
0.333192
0.33237
0.331549
0.330727
0.329906
0.329084
0.328263
0.327441
0.326619
0.325797
0.324975
0.324153
0.32333
0.322508
0.321686
0.320863
0.320041
0.319218
0.318396
0.317573
0.31675
0.315927
0.315104
0.314281
0.313458
0.312635
0.311811
0.310988
0.310165
0.309341
0.308518
0.307694
0.30687
0.306046
0.305223
0.304399
0.303575
0.302751
0.301927
0.301102
0.300278
0.299454
0.298629
0.297805
0.296981
0.296156
0.295331
0.294507
0.293682
0.292857
0.292032
0.291207
0.290383
0.289557
0.288732
0.287907
0.287082
0.286257
0.285432
0.284606
0.283781
0.282955
0.28213
0.281304
0.280479
0.279653
0.278827
0.278001
0.277176
0.27635
0.275524
0.274698
0.273872
0.273046
0.27222
0.271393
0.270567
0.269741
0.268915
0.268088
0.267262
0.266435
0.265609
0.264782
0.263956
0.263129
0.262302
0.261476
0.260649
0.259822
0.258995
0.258168
0.257341
0.256514
0.255687
0.25486
0.254033
0.253206
0.252379
0.251552
0.250724
0.249897
0.24907
0.248242
0.247415
0.246588
0.24576
0.244933
0.244105
0.243277
0.24245
0.241622
0.240795
0.239967
0.239139
0.238311
0.237483
0.236655
0.235828
0.235
0.234172
0.233344
0.232516
0.231688
0.230859
0.230031
0.229203
0.228375
0.227547
0.226719
0.22589
0.225062
0.224234
0.223405
0.222577
0.221748
0.22092
0.220091
0.219263
0.218434
0.217606
0.216777
0.215949
0.21512
0.214291
0.213463
0.212634
0.211805
0.210976
0.210147
0.209319
0.20849
0.207661
0.206832
0.206003
0.205174
0.204345
0.203516
0.202687
0.201858
0.201029
0.2002
0.199371
0.198541
0.197712
0.196883
0.196054
0.195225
0.194395
0.193566
0.192737
0.191907
0.191078
0.190249
0.189419
0.18859
0.18776
0.186931
0.186101
0.185272
0.184442
0.183613
0.182783
0.181954
0.181124
0.180295
0.179465
0.178635
0.177806
0.176976
0.176146
0.175316
0.174487
0.173657
0.172827
0.171997
0.171168
0.170338
0.169508
0.168678
0.167848
0.167018
0.166188
0.165358
0.164528
0.163698
0.162868
0.162038
0.161208
0.160378
0.159548
0.158718
0.157888
0.157058
0.156228
0.155398
0.154568
0.153738
0.152907
0.152077
0.151247
0.150417
0.149587
0.148756
0.147926
0.147096
0.146266
0.145435
0.144605
0.143775
0.142944
0.142114
0.141284
0.140453
0.139623
0.138793
0.137962
0.137132
0.136301
0.135471
0.13464
0.13381
0.132979
0.132149
0.131318
0.130488
0.129657
0.128827
0.127996
0.127166
0.126335
0.125505
0.124674
0.123843
0.123013
0.122182
0.121351
0.120521
0.11969
0.118859
0.118029
0.117198
0.116367
0.115537
0.114706
0.113875
0.113045
0.112214
0.111383
0.110552
0.109721
0.108891
0.10806
0.107229
0.106398
0.105567
0.104737
0.103906
0.103075
0.102244
0.101413
0.100582
0.0997514
0.0989205
0.0980896
0.0972587
0.0964278
0.0955969
0.094766
0.093935
0.0931041
0.0922731
0.0914421
0.0906112
0.0897802
0.0889492
0.0881182
0.0872872
0.0864562
0.0856252
0.0847941
0.0839631
0.0831321
0.082301
0.08147
0.0806389
0.0798078
0.0789767
0.0781457
0.0773146
0.0764835
0.0756524
0.0748213
0.0739901
0.073159
0.0723279
0.0714968
0.0706656
0.0698345
0.0690033
0.0681722
0.067341
0.0665098
0.0656786
0.0648474
0.0640163
0.0631851
0.0623539
0.0615226
0.0606914
0.0598602
0.059029
0.0581978
0.0573665
0.0565353
0.055704
0.0548728
0.0540415
0.0532102
0.052379
0.0515477
0.0507164
0.0498851
0.0490538
0.0482226
0.0473912
0.0465599
0.0457286
0.0448973
0.044066
0.0432347
0.0424033
0.041572
0.0407407
0.0399093
0.039078
0.0382466
0.0374153
0.0365839
0.0357525
0.0349212
0.0340898
0.0332584
0.032427
0.0315956
0.0307642
0.0299328
0.0291014
0.02827
0.0274386
0.0266072
0.0257758
0.0249444
0.0241129
0.0232815
0.0224501
0.0216186
0.0207872
0.0199558
0.0191243
0.0182929
0.0174614
0.0166299
0.0157985
0.014967
0.0141355
0.0133041
0.0124726
0.0116411
0.0108096
0.00997813
0.00914663
0.00831514
0.00748364
0.00665214
0.00582063
0.00498912
0.00415761
0.00332609
0.00249458
0.00166305
0.000831528
0
